19.1904990290
27.2646233344
51.4850317134
67.6117071748
73.2932073182
86.4226469966
105.8528413349
122.9384045928
132.0876380080
135.1349378191
151.1450925163
183.9958663590
321.0038163735
323.8628850620
343.1066366002
347.1653250978
369.2540390179
384.7250708680
404.8532995549
477.0436376120
512.4098985191
586.5519069401
669.1837194017
680.8672495000
690.7713027857
703.6088294220
717.9838015155
746.9178252059
765.8428532565
779.9973373557
796.2912984161
799.0117391528
817.3944887968
831.2688107371
851.0183942378
867.2641253552
892.4619716179
903.7377462704
929.6904557832
962.5462696112